Values,Density
-6.106587879245154,2.7821463322030837e-7
-6.100812570409818,2.709710198167681e-7
-6.095037261574483,2.6709239109301564e-7
-6.089261952739147,2.6652524370840425e-7
-6.08348664390381,2.6924598300892555e-7
-6.077711335068474,2.752605606226588e-7
-6.071936026233138,2.8460426040877174e-7
-6.0661607173978025,2.973416278473362e-7
-6.060385408562467,3.135665413156463e-7
-6.054610099727131,3.334024214485254e-7
-6.048834790891795,3.570025755295081e-7
-6.043059482056459,3.8455067336018445e-7
-6.037284173221122,4.16261350055791e-7
-6.031508864385787,4.523809335188478e-7
-6.025733555550451,4.931882898739914e-7
-6.019958246715115,5.38995783394558e-7
-6.014182937879779,5.901503467020675e-7
-6.008407629044443,6.470346535780713e-7
-6.002632320209107,7.100683901140048e-7
-5.996857011373771,7.797096178430163e-7
-5.991081702538435,8.564562204993464e-7
-5.985306393703099,9.408474288263857e-7
-5.979531084867763,1.0334654137467147e-6
-5.973755776032427,1.1349369403723664e-6
-5.9679804671970915,1.2459350720583906e-6
-5.962205158361756,1.367180916866939e-6
-5.95642984952642,1.499445401537125e-6
-5.950654540691083,1.6435510659107422e-6
-5.944879231855747,1.8003738617711207e-6
-5.9391039230204115,1.970844943882666e-6
-5.933328614185076,2.155952440102693e-6
-5.92755330534974,2.3567431833571018e-6
-5.921777996514404,2.5743243911337255e-6
-5.916002687679068,2.8098652751600006e-6
-5.910227378843731,3.0645985629571167e-6
-5.904452070008396,3.3398219132121758e-6
-5.89867676117306,3.6368992058846694e-6
-5.892901452337724,3.957261685296875e-6
-5.887126143502388,4.3024089365997255e-6
-5.881350834667052,4.673909673808896e-6
-5.875575525831716,5.073402316302204e-6
-5.8698002169963805,5.502595331034364e-6
-5.864024908161044,5.963267318203486e-6
-5.858249599325708,6.45726681530452e-6
-5.852474290490372,6.986511796494782e-6
-5.846698981655036,7.5529888432259145e-6
-5.8409236728197005,8.158751962543149e-6
-5.835148363984365,8.805921027849658e-6
-5.829373055149029,9.496679821668907e-6
-5.823597746313692,1.0233273654519735e-5
-5.817822437478356,1.1018006540574406e-5
-5.81204712864302,1.1853237907443782e-5
-5.806271819807685,1.2741378820954781e-5
-5.800496510972349,1.368488770666493e-5
-5.794721202137013,1.468626555110506e-5
-5.788945893301677,1.5748050567693586e-5
-5.783170584466341,1.687281231460211e-5
-5.7773952756310045,1.8063145254778494e-5
-5.771619966795669,1.932166174880342e-5
-5.765844657960333,2.065098447703818e-5
-5.760069349124997,2.2053738287826016e-5
-5.754294040289661,2.3532541473603955e-5
-5.748518731454325,2.5089996479334218e-5
-5.7427434226189895,2.6728680051889102e-5
-5.736968113783653,2.845113284234181e-5
-5.731192804948317,3.0259848477830892e-5
-5.725417496112981,3.215726212321777e-5
-5.719642187277645,3.414573855753302e-5
-5.7138668784423094,3.6227559795157065e-5
-5.708091569606974,3.840491228402406e-5
-5.702316260771638,4.0679873721531385e-5
-5.696540951936302,4.3054399529153086e-5
-5.690765643100965,4.5530309035619367e-5
-5.684990334265629,4.81092714188381e-5
-5.6792150254302936,5.0792791465088805e-5
-5.673439716594958,5.358219520534358e-5
-5.667664407759622,5.647861549546319e-5
-5.661889098924286,5.948297760847727e-5
-5.65611379008895,6.259598491269126e-5
-5.6503384812536135,6.581810471220422e-5
-5.644563172418278,6.914955432964828e-5
-5.638787863582942,7.259028751371703e-5
-5.633012554747606,7.613998125614646e-5
-5.62723724591227,7.979802310645638e-5
-5.621461937076934,8.356349907013096e-5
-5.6156866282415985,8.743518218282988e-5
-5.609911319406263,9.141152184756631e-5
-5.604136010570926,9.549063402605553e-5
-5.59836070173559,9.967029237191926e-5
-5.592585392900254,0.0001039479203941273
-5.586810084064918,0.00010832058473408534
-5.581034775229583,0.00011278498964053618
-5.575259466394247,0.00011733747272089793
-5.569484157558911,0.00012197400204214223
-5.563708848723574,0.00012669017465496003
-5.557933539888238,0.00013148121660178026
-5.5521582310529025,0.00013634198447081726
-5.546382922217567,0.00014126696854603084
-5.540607613382231,0.0001462502975981845
-5.534832304546895,0.00015128574535384562
-5.529056995711559,0.00015636673867152392
-5.523281686876223,0.0001614863674417582
-5.517506378040887,0.00016663739622483232
-5.511731069205551,0.00017181227762338644
-5.505955760370215,0.00017700316738245882
-5.500180451534879,0.0001822019411949734
-5.494405142699543,0.00018740021318369455
-5.488629833864207,0.00019258935601742817
-5.482854525028872,0.00019776052261007843
-5.477079216193535,0.0002029046693398321
-5.471303907358199,0.00020801258071470683
-5.465528598522863,0.000213074895402161
-5.459753289687527,0.0002180821335282428
-5.4539779808521915,0.00022302472514275145
-5.448202672016856,0.00022789303973887436
-5.44242736318152,0.0002326774167047828
-5.436652054346184,0.00023736819657826144
-5.430876745510847,0.00024195575296697943
-5.4251014366755115,0.0002464305249908806
-5.419326127840176,0.0002507830500966112
-5.41355081900484,0.00025500399708915057
-5.407775510169504,0.00025908419922202595
-5.402000201334168,0.0002630146871836481
-5.396224892498832,0.0002667867218148904
-5.390449583663496,0.00027039182639409165
-5.38467427482816,0.00027382181832181617
-5.378898965992824,0.00027706884004251114
-5.373123657157488,0.0002801253890406003
-5.367348348322152,0.00028298434675110874
-5.361573039486816,0.0002856390062311587
-5.355797730651481,0.0002880830984426635
-5.350022421816145,0.0002903108170030219
-5.344247112980808,0.00029231684126996334
-5.338471804145472,0.00029409635763116664
-5.332696495310136,0.00029564507888415244
-5.3269211864748005,0.00029695926159654766
-5.321145877639465,0.0002980357213526758
-5.315370568804129,0.0002988718457990966
-5.309595259968793,0.0002994656054202179
-5.303819951133456,0.00029981556198156907
-5.29804464229812,0.00029992087459588136
-5.292269333462785,0.000299781303380502
-5.286494024627449,0.0002993972106848826
-5.280718715792113,0.00029876955988638806
-5.274943406956777,0.00029789991176290553
-5.269168098121441,0.0002967904184650698
-5.263392789286105,0.0002954438151273552
-5.257617480450769,0.00029386340916798996
-5.251842171615433,0.00029205306734226286
-5.246066862780097,0.00029001720062706016
-5.240291553944761,0.0002877607470259391
-5.234516245109425,0.0002852891523953934
-5.2287409362740895,0.0002826083494052087
-5.222965627438754,0.00027972473475493687
-5.217190318603417,0.00027664514477767754
-5.211415009768081,0.00027337682957149644
-5.205639700932745,0.0002699274258058722
-5.1998643920974095,0.00026630492835627144
-5.194089083262074,0.00026251766092648534
-5.188313774426738,0.0002585742458220402
-5.182538465591402,0.00025448357304004576
-5.176763156756066,0.0002502547688458534
-5.170987847920729,0.0002458971640037985
-5.165212539085394,0.0002414202618326363
-5.159437230250058,0.00023683370625387883
-5.153661921414722,0.00023214724999686548
-5.147886612579386,0.00022737072312527945
-5.14211130374405,0.00022251400204139314
-5.136335994908714,0.000217586979121916
-5.130560686073378,0.00021259953313066456
-5.124785377238042,0.0002075615005498726
-5.119010068402706,0.0002024826479597279
-5.11323475956737,0.000197372645591159
-5.107459450732034,0.0001922410421661162
-5.1016841418966985,0.00018709724112970626
-5.095908833061363,0.00018195047836931481
-5.090133524226027,0.00017680980150550606
-5.08435821539069,0.00017168405082772318
-5.078582906555354,0.0001665818419378396
-5.072807597720018,0.00016151155015348227
-5.067032288884683,0.00015648129671064128
-5.061256980049347,0.00015149893679604126
-5.055481671214011,0.0001465720494265195
-5.049706362378675,0.00014170792918317618
-5.043931053543338,0.0001369135797963934
-5.0381557447080025,0.00013219570956876604
-5.032380435872667,0.00012756072861117604
-5.026605127037331,0.00012301474785850436
-5.020829818201995,0.00011856357982304252
-5.015054509366659,0.00011421274103257491
-5.009279200531323,0.0001099674560949308
-5.0035038916959875,0.00010583266332051455
-4.997728582860651,0.0001018130218289233
-4.991953274025315,9.791292005834583e-5
-4.986177965189979,9.413648559175071e-5
-4.980402656354643,9.048759620692778e-5
-4.9746273475193075,8.696989205561091e-5
-4.968852038683972,8.358678886920615e-5
-4.963076729848636,8.034149208984744e-5
-4.957301421013299,7.72370118194152e-5
-4.951526112177963,7.42761784790517e-5
-4.945750803342627,7.146165906924372e-5
-4.939975494507292,6.879597392129254e-5
-4.934200185671956,6.628151382885496e-5
-4.92842487683662,6.392055745048624e-5
-4.922649568001284,6.171528887420098e-5
-4.916874259165948,5.9667815235660455e-5
-4.9110989503306115,5.778018428529829e-5
-4.905323641495276,5.605440180082681e-5
-4.89954833265994,5.4492448744267175e-5
-4.893773023824604,5.3096298066016186e-5
-4.887997714989268,5.1867931063540214e-5
-4.882222406153932,5.0809353201477364e-5
-4.8764470973185965,4.992260931105472e-5
-4.87067178848326,4.920979808421561e-5
-4.864896479647924,4.867308578715727e-5
-4.859121170812588,4.831471912043273e-5
-4.853345861977252,4.813703715990923e-5
-4.847570553141916,4.814248231460854e-5
-4.841795244306581,4.8333610247494043e-5
-4.836019935471245,4.871309870683083e-5
-4.830244626635909,4.928375522322847e-5
-4.824469317800572,5.004852363271013e-5
-4.818694008965236,5.101048939270403e-5
-4.8129187001299005,5.217288366170768e-5
-4.807143391294565,5.353908612187874e-5
-4.801368082459229,5.511262652774414e-5
-4.795592773623893,5.6897184970252854e-5
-4.789817464788557,5.889659085334294e-5
-4.7840421559532205,6.111482058301226e-5
-4.778266847117885,6.355599397713657e-5
-4.772491538282549,6.622436940940425e-5
-4.766716229447213,6.912433770661815e-5
-4.760940920611877,7.226041482355158e-5
-4.755165611776541,7.563723332747359e-5
-4.7493903029412055,7.925953272680357e-5
-4.74361499410587,8.31321486870918e-5
-4.737839685270533,8.726000118165853e-5
-4.732064376435197,9.164808162835658e-5
-4.726289067599861,9.630143907102349e-5
-4.720513758764525,0.00010122516546925888
-4.71473844992919,0.0001064243801624596
-4.708963141093854,0.00011190421358229629
-4.703187832258518,0.00011766979028994193
-4.697412523423181,0.00012372621141923043
-4.691637214587845,0.00013007853661148577
-4.6858619057525095,0.00013673176553164693
-4.680086596917174,0.0001436908190568355
-4.674311288081838,0.0001509605202356457
-4.668535979246502,0.000158545575115741
-4.662760670411166,0.00016645055354097505
-4.65698536157583,0.00017467987002328048
-4.651210052740494,0.00018323776479352424
-4.645434743905158,0.00019212828513893608
-4.639659435069822,0.00020135526713533302
-4.633884126234486,0.0002109223178826359
-4.62810881739915,0.00022083279835192658
-4.622333508563814,0.0002310898069529132
-4.616558199728479,0.00024169616392903594
-4.610782890893142,0.0002526543966856899
-4.605007582057806,0.00026396672615644956
-4.59923227322247,0.00027563505430732094
-4.593456964387134,0.00028766095287920677
-4.5876816555517985,0.00030004565346164393
-4.581906346716463,0.00031279003898950994
-4.576131037881127,0.00032589463674739073
-4.570355729045791,0.00033935961296345616
-4.564580420210454,0.0003531847690655402
-4.5588051113751185,0.0003673695396686855
-4.553029802539783,0.0003819129923550726
-4.547254493704447,0.00039681382929870944
-4.541479184869111,0.0004120703907812892
-4.535703876033775,0.0004276806606355747
-4.529928567198439,0.00044364227364384083
-4.524153258363103,0.0004599525249096403
-4.518377949527767,0.00047660838121179813
-4.512602640692431,0.000493606494337464
-4.506827331857095,0.000510943216383157
-4.501052023021759,0.0005286146169993463
-4.495276714186423,0.0005466165025443821
-4.4895014053510875,0.00056494443710179
-4.483726096515752,0.0005835937653046661
-4.477950787680415,0.0006025596368960271
-4.472175478845079,0.0006218370329477212
-4.466400170009743,0.0006414207936441505
-4.4606248611744075,0.0006613056475277262
-4.454849552339072,0.0006814862420929265
-4.449074243503736,0.0007019571756025575
-4.4432989346684,0.0007227130299904353
-4.437523625833063,0.000743748404705067
-4.431748316997727,0.0007650579513378466
-4.425973008162392,0.0007866364088707795
-4.420197699327056,0.0008084786393706706
-4.41442239049172,0.0008305796639474471
-4.408647081656384,0.0008529346987887279
-4.402871772821048,0.0008755391910751035
-4.397096463985712,0.0008983888545766091
-4.391321155150376,0.0009214797047246287
-4.38554584631504,0.0009448080929522432
-4.379770537479704,0.0009683707400917358
-4.373995228644368,0.0009921647686176784
-4.368219919809032,0.0010161877335253871
-4.3624446109736965,0.0010404376516324997
-4.356669302138361,0.0010649130290970232
-4.350893993303024,0.0010896128869485053
-4.345118684467688,0.0011145367844318608
-4.339343375632352,0.0011396848399730696
-4.3335680667970164,0.0011650577495819006
-4.327792757961681,0.0011906568025155072
-4.322017449126345,0.001216483894039261
-4.316242140291009,0.0012425415351311605
-4.310466831455673,0.0012688328589890744
-4.304691522620336,0.0012953616242166168
-4.2989162137850006,0.001322132214576036
-4.293140904949665,0.0013491496352142644
-4.287365596114329,0.0013764195052871206
-4.281590287278993,0.001403948046922328
-4.275814978443657,0.0014317420704842957
-4.270039669608321,0.0014598089561214964
-4.264264360772985,0.0014881566315998911
-4.258489051937649,0.001516793546445551
-4.252713743102313,0.0015457286424423646
-4.246938434266977,0.0015749713205524558
-4.241163125431641,0.0016045314043484846
-4.2353878165963055,0.0016344191000707328
-4.22961250776097,0.0016646449534404202
-4.223837198925634,0.0016952198033867733
-4.218061890090297,0.0017261547328626626
-4.212286581254961,0.001757461016945878
-4.206511272419625,0.0017891500684426662
-4.20073596358429,0.001821233381228476
-4.194960654748954,0.0018537224715786923
-4.189185345913618,0.0018866288177588142
-4.183410037078282,0.0019199637981588708
-4.177634728242945,0.0019537386282684815
-4.1718594194076095,0.001987964296804254
-4.166084110572274,0.002022651501308757
-4.160308801736938,0.0020578105835496532
-4.154533492901602,0.0020934514650539004
-4.148758184066266,0.0021295835831182932
-4.14298287523093,0.002166215827635154
-4.1372075663955945,0.0022033564790797646
-4.131432257560258,0.0022410131479971103
-4.125656948724922,0.002279192716326838
-4.119881639889586,0.0023179012808967592
-4.11410633105425,0.002357144099408579
-4.108331022218914,0.0023969255392274945
-4.102555713383579,0.002437249029278483
-4.096780404548243,0.0024781170153340684
-4.091005095712906,0.0025195309189659718
-4.08522978687757,0.0025614911004125736
-4.079454478042234,0.002603996825597348
-4.0736791692068985,0.0026470462375101714
-4.067903860371563,0.0026906363321432952
-4.062128551536227,0.002734762939148906
-4.056353242700891,0.0027794207073614605
-4.050577933865555,0.0028246030953027737
-4.0448026250302185,0.0028703023667606556
-4.039027316194883,0.0029165095915068377
-4.033252007359547,0.002963214651191903
-4.027476698524211,0.003010406250427899
-4.021701389688875,0.003058071933042355
-4.015926080853539,0.0031061981034613256
-4.0101507720182035,0.003154770053150263
-4.004375463182867,0.0032037719920187005
-3.9986001543475314,0.003253187084666737
-3.992824845512195,0.003302997491328498
-3.9870495366768592,0.0033531844133439775
-3.9812742278415234,0.003403728142968977
-3.9754989190061876,0.00345460811731121
-3.9697236101708513,0.0035058029761623217
-3.9639483013355155,0.0035572906234775685
-3.9581729925001796,0.003609048292237943
-3.952397683664844,0.0036610526124168773
-3.9466223748295075,0.0037132796817592358
-3.9408470659941717,0.0037657051390711516
-3.935071757158836,0.003818304239709185
-3.9292964483234996,0.0038710519329522024
-3.9235211394881637,0.0039239229409318505
-3.917745830652828,0.0039768918387973135
-3.911970521817492,0.004029933135787006
-3.9061952129821558,0.004083021356881319
-3.90041990414682,0.004136131124713977
-3.894644595311484,0.004189237241422268
-3.8888692864761483,0.004242314770124958
-3.883093977640812,0.004295339115722665
-3.877318668805476,0.0043482861047261625
-3.8715433599701403,0.004401132063828802
-3.8657680511348045,0.004453853896951757
-3.859992742299468,0.004506429160504755
-3.8542174334641324,0.004558836136619681
-3.8484421246287965,0.004611053904131683
-3.8426668157934603,0.004663062407098141
-3.8368915069581244,0.004714842520665022
-3.8311161981227886,0.004766376114109955
-3.8253408892874528,0.00481764611090829
-3.8195655804521165,0.004868636545691855
-3.8137902716167806,0.004919332617989365
-3.808014962781445,0.004969720742656898
-3.802239653946109,0.005019788596932344
-3.7964643451107727,0.005069525164064094
-3.790689036275437,0.005118920773489844
-3.784913727440101,0.005167967137559537
-3.779138418604765,0.005216657384820167
-3.773363109769429,0.005264986089897854
-3.767587800934093,0.005312949300035517
-3.7618124920987572,0.005360544558362073
-3.756037183263421,0.0054077709239888725
-3.750261874428085,0.0054546289890459
-3.7444865655927493,0.005501120892789404
-3.7387112567574134,0.005547250332924632
-3.732935947922077,0.005593022574306664
-3.7271606390867413,0.005638444455191144
-3.7213853302514055,0.005683524391221197
-3.7156100214160697,0.005728272377345793
-3.7098347125807334,0.005772699987873725
-3.7040594037453975,0.005816820374872904
-3.6982840949100617,0.0058606482651310885
-3.692508786074726,0.005904199955893993
-3.6867334772393896,0.005947493309600052
-3.6809581684040538,0.005990547747827175
-3.675182859568718,0.006033384244663046
-3.6694075507333817,0.006076025319704419
-3.663632241898046,0.00611849503088137
-3.65785693306271,0.006160818967291353
-3.652081624227374,0.0062030242422130245
-3.646306315392038,0.0062451394864546225
-3.640531006556702,0.006287194842170996
-3.634755697721366,0.0063292219572641285
-3.6289803888860304,0.006371253980455705
-3.623205080050694,0.006413325557096293
-3.6174297712153582,0.006455472825746196
-3.6116544623800224,0.0064977334155338585
-3.6058791535446866,0.006540146444264356
-3.6001038447093503,0.006582752517217956
-3.5943285358740145,0.006625593726543805
-3.5885532270386786,0.006668713651115655
-3.5827779182033423,0.006712157356683044
-3.5770026093680065,0.006755971396109904
-3.5712273005326707,0.006800203809458242
-3.565451991697335,0.006844904123634383
-3.5596766828619986,0.006890123351281273
-3.5539013740266627,0.006935913988560802
-3.548126065191327,0.006982330011439547
-3.542350756355991,0.007029426870055876
-3.536575447520655,0.007077261480717137
-3.530800138685319,0.007125892215048805
-3.525024829849983,0.0071753788857916315
-3.5192495210146473,0.00722578272872379
-3.513474212179311,0.007277166380167059
-3.507698903343975,0.007329593849525342
-3.5019235945086393,0.007383130486295633
-3.496148285673303,0.0074378429409905755
-3.490372976837967,0.007493799119414206
-3.4845976680026314,0.007551068129744525
-3.4788223591672955,0.007609720221889842
-3.4730470503319593,0.007669826718609888
-3.4672717414966234,0.007731459937921309
-3.4614964326612876,0.007794693106342481
-3.4557211238259518,0.007859600262574342
-3.4499458149906155,0.007926256151265298
-3.4441705061552796,0.007994736106561526
-3.438395197319944,0.008065115925206926
-3.432619888484608,0.008137471729026973
-3.4268445796492717,0.00821187981670362
-3.421069270813936,0.008288416504828545
-3.4152939619786,0.008367157958309302
-3.4095186531432637,0.008448180010291425
-3.403743344307928,0.00853155797185318
-3.397968035472592,0.00861736643183018
-3.3921927266372562,0.008705679047224385
-3.38641741780192,0.008796568324756652
-3.380642108966584,0.00889010539422545
-3.3748668001312483,0.00898635977443787
-3.3690914912959125,0.009085399132583192
-3.363316182460576,0.009187289038021745
-3.3575408736252403,0.009292092711560816
-3.3517655647899045,0.009399870771387011
-3.3459902559545687,0.009510680976914775
-3.3402149471192324,0.009624577971899497
-3.3344396382838966,0.009741613028242637
-3.3286643294485607,0.009861833791989795
-3.3228890206132244,0.009985284033088522
-3.3171137117778886,0.010112003400527658
-3.3113384029425528,0.01024202718452629
-3.305563094107217,0.010375386087476797
-3.2997877852718807,0.010512106005369908
-3.294012476436545,0.010652207821441514
-3.288237167601209,0.01079570721378204
-3.282461858765873,0.010942614478635485
-3.276686549930537,0.011092934371087632
-3.270911241095201,0.011246665964805147
-3.265135932259865,0.011403802532431609
-3.2593606234245294,0.011564331448181045
-3.253585314589193,0.011728234114086633
-3.2478100057538573,0.011895485911269824
-3.2420346969185214,0.012066056177487273
-3.236259388083185,0.012239908212092268
-3.2304840792478493,0.012416999309416804
-3.2247087704125135,0.012597280821436291
-3.2189334615771776,0.012780698250425911
-3.2131581527418414,0.012967191372153455
-3.2073828439065055,0.013156694389982423
-3.2016075350711697,0.013349136120078882
-3.195832226235834,0.013544440207730702
-3.1900569174004976,0.013742525374596266
-3.1842816085651617,0.01394330569650442
-3.178506299729826,0.014146690911232688
-3.17273099089449,0.01435258675549001
-3.166955682059154,0.01456089533013528
-3.161180373223818,0.01477151549246538
-3.155405064388482,0.014984343274216426
-3.149629755553146,0.015199272323732874
-3.14385444671781,0.015416194370580463
-3.138079137882474,0.015634999710704506
-3.1323038290471383,0.01585557771007247
-3.126528520211802,0.016077817324586546
-3.120753211376466,0.016301607633910295
-3.1149779025411304,0.01652683838672607
-3.1092025937057945,0.016753400554824646
-3.1034272848704583,0.016981186893330835
-3.0976519760351224,0.01721009250428407
-3.0918766671997866,0.017440015400728717
-3.0861013583644503,0.01767085706841738
-3.0803260495291145,0.01790252302220173
-3.0745507406937786,0.018134923354170454
-3.068775431858443,0.018367973270601107
-3.0630001230231065,0.018601593614815642
-3.0572248141877707,0.01883571137307241
-3.051449505352435,0.019070260160688968
-3.045674196517099,0.019305180685667694
-3.0398988876817628,0.019540421187194082
-3.034123578846427,0.019775937846489927
-3.028348270011091,0.020011695167634166
-3.0225729611757552,0.020247666326107278
-3.016797652340419,0.020483833482977054
-3.011022343505083,0.02072018806281334
-3.0052470346697473,0.0209567309936064
-2.999471725834411,0.021193472907156924
-2.993696416999075,0.02143043429861198
-2.9879211081637393,0.021667645644035297
-2.9821457993284035,0.02190514747511675
-2.9763704904930672,0.02214299041035543
-2.9705951816577314,0.022381235142275663
-2.9648198728223956,0.02261995238046771
-2.9590445639870597,0.022859222750477304
-2.9532692551517234,0.023099136648796
-2.9474939463163876,0.02333979405443553
-2.941718637481052,0.023581304297790602
-2.935943328645716,0.023823785787716097
-2.9301680198103797,0.024067365697954743
-2.924392710975044,0.024312179614256142
-2.918617402139708,0.024558371143723244
-2.9128420933043717,0.024806091488107133
-2.907066784469036,0.025055498982942126
-2.9012914756337,0.02530675860457659
-2.895516166798364,0.02556004144729982
-2.889740857963028,0.025815524172900492
-2.883965549127692,0.026073388435108924
-2.8781902402923563,0.0263338202814807
-2.8724149314570204,0.02659700953536597
-2.866639622621684,0.02686314916068054
-2.8608643137863483,0.02713243461225135
-2.8550890049510125,0.027405063174547887
-2.8493136961156766,0.02768123329163541
-2.8435383872803404,0.02796114389119226
-2.8377630784450045,0.028244993705426664
-2.8319877696096687,0.02853298059170386
-2.8262124607743324,0.02882530085565711
-2.8204371519389966,0.0291221485795025
-2.8146618431036607,0.029423714958211063
-2.808886534268325,0.02973018764611357
-2.8031112254329886,0.030041750116419817
-2.797335916597653,0.030358581036033415
-2.791560607762317,0.03068085365792734
-2.785785298926981,0.03100873523322474
-2.780009990091645,0.0313423864449959
-2.774234681256309,0.03168196086564518
-2.768459372420973,0.03202760443961438
-2.7626840635856373,0.03237945499297934
-2.756908754750301,0.032737641771360584
-2.7511334459149652,0.03310228500741002
-2.7453581370796294,0.03347349551897554
-2.739582828244293,0.03385137433888262
-2.7338075194089573,0.034236012377109354
-2.7280322105736214,0.03462749011597173
-2.7222569017382856,0.03502587733877405
-2.7164815929029493,0.03543123289222341
-2.7107062840676135,0.035843604482755254
-2.7049309752322777,0.0362630285067658
-2.699155666396942,0.03668952991460506
-2.6933803575616055,0.0371231221080469
-2.6876050487262697,0.03756380687082096
-2.681829739890934,0.0380115743316673
-2.676054431055598,0.03846640295926094
-2.6702791222202618,0.038928259588244425
-2.664503813384926,0.03939709947550765
-2.65872850454959,0.03987286638576685
-2.652953195714254,0.04035549270541247
-2.647177886878918,0.0408448995835261
-2.641402578043582,0.04134099709890681
-2.6356272692082463,0.041843684451894333
-2.62985196037291,0.04235285017973769
-2.624076651537574,0.042868372394224884
-2.6183013427022384,0.04339011904026854
-2.6125260338669025,0.04391794817413011
-2.6067507250315662,0.04445170825996066
-2.6009754161962304,0.04499123848334414
-2.5952001073608946,0.045536369080540574
-2.5894247985255587,0.046086921682150096
-2.5836494896902225,0.046642709669947414
-2.5778741808548866,0.047203538545672316
-2.572098872019551,0.04776920631060452
-2.5663235631842145,0.048339503854799085
-2.5605482543488787,0.04891421535491074
-2.554772945513543,0.049493118679594314
-2.548997636678207,0.05007598580152733
-2.5432223278428707,0.05066258321516509
-2.537447019007535,0.05125267235940385
-2.531671710172199,0.05184601004439356
-2.525896401336863,0.05244234888181006
-2.520121092501527,0.05304143771796067
-2.514345783666191,0.05364302206916534
-2.5085704748308553,0.05424684455891673
-2.5027951659955194,0.05485264535638521
-2.497019857160183,0.05546016261589156
-2.4912445483248473,0.05606913291702357
-2.4854692394895115,0.0566792917051241
-2.479693930654175,0.057290373731918545
-2.4739186218188394,0.05790211349609274
-2.4681433129835035,0.058514245683660815
-2.4623680041481677,0.05912650560799147
-2.4565926953128314,0.05973862964937932
-2.4508173864774956,0.06035035569406056
-2.4450420776421598,0.06096142357257786
-2.439266768806824,0.06157157549739798
-2.4334914599714876,0.062180556499675535
-2.427716151136152,0.06278811486504177
-2.421940842300816,0.06339400256827324
-2.41616553346548,0.06399797570666634
-2.410390224630144,0.06459979493190683
-2.404614915794808,0.06519922588018293
-2.398839606959472,0.06579603960024182
-2.393064298124136,0.06639001297903799
-2.3872889892888,0.0669809291645646
-2.3815136804534642,0.06756857798539993
-2.3757383716181284,0.06815275636643524
-2.369963062782792,0.06873326874018923
-2.3641877539474563,0.06930992745304225
-2.3584124451121204,0.06988255316566094
-2.3526371362767846,0.07045097524681487
-2.3468618274414483,0.07101503215972023
-2.3410865186061125,0.07157457183998486
-2.3353112097707767,0.07212945206416566
-2.329535900935441,0.07267954080789388
-2.3237605921001045,0.07322471659247301
-2.3179852832647687,0.0737648688188041
-2.312209974429433,0.07429989808745746
-2.3064346655940966,0.07482971650367243
-2.3006593567587608,0.07535424796604445
-2.294884047923425,0.0758734284376391
-2.289108739088089,0.07638720619826535
-2.283333430252753,0.0768955420766399
-2.277558121417417,0.07739840966118591
-2.271782812582081,0.07789579548822761
-2.2660075037467453,0.0783876992063736
-2.260232194911409,0.07887413371592011
-2.254456886076073,0.07935512528215707
-2.2486815772407374,0.07983071362151774
-2.2429062684054015,0.08030095195958335
-2.2371309595700652,0.08076590706003234
-2.2313556507347294,0.08122565922371204
-2.2255803418993936,0.08168030225710517
-2.2198050330640573,0.08212994340956986
-2.2140297242287215,0.08257470327883995
-2.2082544153933856,0.08301471568439203
-2.20247910655805,0.08345012750840738
-2.1967037977227135,0.08388109850418493
-2.1909284888873777,0.08430780107199173
-2.185153180052042,0.08473042000247377
-2.179377871216706,0.08514915218788238
-2.1736025623813697,0.08556420630151175
-2.167827253546034,0.08597580244587594
-2.162051944710698,0.08638417177029167
-2.1562766358753622,0.08678955605866355
-2.150501327040026,0.08719220728839853
-2.14472601820469,0.0875923871615022
-2.1389507093693543,0.08799036660902702
-2.133175400534018,0.08838642527015872
-2.127400091698682,0.08878085094733165
-2.1216247828633463,0.08917393903886393
-2.1158494740280105,0.08956599195069403
-2.110074165192674,0.08995731848888046
-2.1042988563573384,0.09034823323460109
-2.0985235475220025,0.09073905590344819
-2.0927482386866667,0.09113011069086954
-2.0869729298513304,0.09152172560564689
-2.0811976210159946,0.09191423179333423
-2.0754223121806588,0.09230796285159976
-2.069647003345323,0.0927032541394256
-2.0638716945099866,0.09310044208211905
-2.058096385674651,0.09349986347408056
-2.052321076839315,0.09390185478125311
-2.0465457680039787,0.09430675144515006
-2.040770459168643,0.09471488719032127
-2.034995150333307,0.09512659333707241
-2.029219841497971,0.09554219812120043
-2.023444532662635,0.0959620260224483
-2.017669223827299,0.0963863971033194
-2.0118939149919632,0.09681562635982031
-2.0061186061566274,0.09725002308562841
-2.000343297321291,0.0976898902511033
-1.9945679884859553,0.0981355238984807
-1.9887926796506195,0.09858721255450804
-1.9830173708152834,0.09904523666169726
-1.9772420619799476,0.09950986802928971
-1.9714667531446115,0.09998136930494606
-1.9656914443092757,0.10045999346809562
-1.9599161354739396,0.10094598334580047
-1.9541408266386036,0.10143957115191721
-1.9483655178032677,0.10194097805026572
-1.9425902089679317,0.10245041374244847
-1.9368149001325958,0.10296807608089922
-1.9310395912972598,0.10349415070768286
-1.925264282461924,0.10402881071951064
-1.9194889736265879,0.10457221635938954
-1.913713664791252,0.10512451473527593
-1.907938355955916,0.10568583956606588
-1.9021630471205802,0.10625631095521886
-1.896387738285244,0.10683603519227763
-1.8906124294499083,0.10742510458252377
-1.8848371206145722,0.10802359730498019
-1.8790618117792364,0.10863157729895415
-1.8732865029439003,0.10924909417929383
-1.8675111941085643,0.10987618318051538
-1.8617358852732284,0.11051286512994256
-1.8559605764378924,0.11115914644998404
-1.8501852676025565,0.11181501918965997
-1.8444099587672205,0.11248046108547208
-1.8386346499318846,0.11315543565169217
-1.8328593410965486,0.11383989230012564
-1.8270840322612127,0.11453376648937931
-1.8213087234258767,0.11523697990363715
-1.8155334145905409,0.11594944066091273
-1.8097581057552048,0.11667104355071012
-1.803982796919869,0.11740167030098084
-1.798207488084533,0.11814118987421227
-1.792432179249197,0.11888945879242872
-1.786656870413861,0.11964632149081889
-1.780881561578525,0.12041161069963374
-1.7751062527431891,0.12118514785392016
-1.769330943907853,0.12196674353056719
-1.7635556350725172,0.12275619791205127
-1.7577803262371812,0.12355330127616333
-1.7520050174018453,0.12435783451089552
-1.7462297085665093,0.12516956965355167
-1.7404543997311734,0.1259882704530256
-1.7346790908958374,0.12681369295406986
-1.7289037820605015,0.12764558610224802
-1.7231284732251655,0.12848369236813492
-1.7173531643898297,0.12932774838919578
-1.7115778555544936,0.13017748562764242
-1.7058025467191578,0.1310326310424323
-1.7000272378838217,0.1318929077734449
-1.6942519290484856,0.13275803583574286
-1.6884766202131498,0.13362773282170132
-1.6827013113778138,0.13450171460867213
-1.676926002542478,0.135379696069741
-1.6711506937071419,0.13626139178503124
-1.665375384871806,0.13714651675092274
-1.65960007603647,0.13803478708447056
-1.6538247672011341,0.13892592072024557
-1.648049458365798,0.13981963809676606
-1.6422741495304622,0.1407156628296556
-1.6364988406951262,0.14161372236864056
-1.6307235318597904,0.14251354863550245
-1.6249482230244543,0.1434148786401148
-1.6191729141891182,0.14431745507173277
-1.6133976053537824,0.1452210268627582
-1.6076222965184463,0.14612534972228075
-1.6018469876831105,0.14703018663679235
-1.5960716788477745,0.14793530833558866
-1.5902963700124386,0.14884049371851113
-1.5845210611771026,0.1497455302438392
-1.5787457523417667,0.15065021427432063
-1.5729704435064307,0.1515543513795239
-1.5671951346710948,0.15245775659291091
-1.5614198258357588,0.15336025462225858
-1.555644517000423,0.15426168001230425
-1.5498692081650869,0.1551618772587509
-1.544093899329751,0.15606070087303958
-1.538318590494415,0.15695801539758017
-1.532543281659079,0.15785369537142505
-1.526767972823743,0.15874762524666527
-1.520992663988407,0.15963969925613541
-1.5152173551530712,0.1605298212333156
-1.5094420463177352,0.16141790438562698
-1.5036667374823993,0.16230387102261598
-1.4978914286470633,0.1631876522408235
-1.4921161198117274,0.16406918756742395
-1.4863408109763914,0.16494842456499906
-1.4805655021410555,0.16582531840008183
-1.4747901933057195,0.1666998313783586
-1.4690148844703836,0.1675719324496547
-1.4632395756350476,0.16844159668604977
-1.4574642667997117,0.1693088047366657
-1.4516889579643757,0.17017354226284612
-1.4459136491290396,0.1710357993575979
-1.4401383402937038,0.17189556995329247
-1.4343630314583677,0.17275285122172132
-1.428587722623032,0.17360764297067235
-1.4228124137876959,0.17445994704123624
-1.41703710495236,0.17530976671006138
-1.411261796117024,0.1761571061007623
-1.4054864872816881,0.17700196960863426
-1.399711178446352,0.1778443613427514
-1.3939358696110162,0.17868428458941693
-1.3881605607756802,0.17952174130079573
-1.3823852519403443,0.1803567316123956
-1.3766099431050083,0.18118925339286918
-1.3708346342696724,0.18201930182938972
-1.3650593254343364,0.1828468690516094
-1.3592840165990003,0.18367194379694332
-1.3535087077636645,0.18449451111963183
-1.3477333989283284,0.18531455214573053
-1.3419580900929926,0.18613204387584853
-1.3361827812576565,0.18694695903712127
-1.3304074724223207,0.18775926598555176
-1.3246321635869847,0.18856892865949254
-1.3188568547516488,0.18937590658467823
-1.3130815459163128,0.19018015493084073
-1.307306237080977,0.19098162461957313
-1.3015309282456409,0.19178026248273086
-1.295755619410305,0.19257601147029568
-1.289980310574969,0.19336881090626382
-1.2842050017396331,0.19415859679076816
-1.278429692904297,0.19494530214630618
-1.272654384068961,0.19572885740561557
-1.2668790752336252,0.19650919083843302
-1.2611037663982891,0.19728622901407927
-1.2553284575629533,0.19805989729654155
-1.2495531487276172,0.19883012036848063
-1.2437778398922814,0.19959682278036206
-1.2380025310569454,0.20035992952071632
-1.2322272222216095,0.20111936660336044
-1.2264519133862735,0.20187506166727293
-1.2206766045509376,0.2026269445846991
-1.2149012957156016,0.20337494807298342
-1.2091259868802657,0.20411900830557045
-1.2033506780449297,0.20485906551759614
-1.1975753692095938,0.20559506460150034
-1.1918000603742578,0.20632695568813111
-1.1860247515389217,0.20705469470888274
-1.180249442703586,0.20777824393450978
-1.1744741338682498,0.20849757248639003
-1.168698825032914,0.20921265681616727
-1.162923516197578,0.20992348114989312
-1.157148207362242,0.21063003789299503
-1.151372898526906,0.211332327992641
-1.1455975896915702,0.2120303612543268
-1.1398222808562342,0.2127241566097971
-1.1340469720208983,0.21341374233371357
-1.1282716631855623,0.21409915620680356
-1.1224963543502264,0.2147804456235592
-1.1167210455148904,0.21545766764290925
-1.1109457366795545,0.21613088898064708
-1.1051704278442185,0.2168001859427724
-1.0993951190088824,0.21746564429928325
-1.0936198101735466,0.21812735909834194
-1.0878445013382105,0.21878543442112622
-1.0820691925028747,0.21943998307806556
-1.0762938836675386,0.22009112624755225
-1.0705185748322028,0.2207389930585983
-1.0647432659968668,0.2213837201192878
-1.058967957161531,0.22202545099324286
-1.0531926483261949,0.2226643356266799
-1.047417339490859,0.22330052972897613
-1.041642030655523,0.2239341941099987
-1.0358667218201871,0.22456549397775982
-1.030091412984851,0.22519459820025448
-1.0243161041495152,0.22582167853561141
-1.0185407953141792,0.22644690883493573
-1.0127654864788431,0.2270704642224468
-1.0069901776435073,0.22769252025771536
-1.0012148688081712,0.22831325208497025
-0.9954395599728354,0.22893283357459326
-0.9896642511374995,0.22955143646202583
-0.9838889423021635,0.2301692294893962
-0.9781136334668276,0.23078637755522108
-0.9723383246314916,0.23140304087755245
-0.9665630157961556,0.23201937417592053
-0.9607877069608196,0.23263552587737313
-0.9550123981254837,0.23325163735182422
-0.9492370892901477,0.23386784218180526
-0.9434617804548118,0.23448426547155835
-0.9376864716194758,0.2351010232002234
-0.9319111627841399,0.2357182216236503
-0.9261358539488039,0.2363359567291177
-0.920360545113468,0.23695431374695403
-0.914585236278132,0.23757336672274615
-0.9088099274427961,0.2381931781534804
-0.9030346186074601,0.23881379869059347
-0.8972593097721242,0.23943526691251804
-0.8914840009367883,0.24005760916889787
-0.8857086921014522,0.24068083949820815
-0.8799333832661163,0.2413049596200686
-0.8741580744307803,0.24192995900306885
-0.8683827655954444,0.2425558150084456
-0.8626074567601084,0.24318249310946374
-0.8568321479247725,0.24380994718585647
-0.8510568390894365,0.24443811989218242
-0.8452815302541006,0.2450669430984607
-0.8395062214187646,0.24569633840094385
-0.8337309125834287,0.246326217700408
-0.8279556037480927,0.24695648384485386
-0.8221802949127568,0.2475870313330507
-0.8164049860774208,0.24821774707490632
-0.8106296772420849,0.24884851120421458
-0.804854368406749,0.24947919793893003
-0.7990790595714129,0.2501096764837387
-0.793303750736077,0.25073981196934175
-0.787528441900741,0.25136946642255453
-0.7817531330654051,0.25199849976103816
-0.7759778242300691,0.25262677080623475
-0.7702025153947332,0.2532541383078729
-0.7644272065593972,0.2538804619732437
-0.7586518977240613,0.25450560349432494
-0.7528765888887253,0.2551294275657581
-0.7471012800533894,0.2557518028866471
-0.7413259712180534,0.2563726031391668
-0.7355506623827175,0.2569917079370306
-0.7297753535473815,0.2576090037369773
-0.7240000447120456,0.25822438470659625
-0.7182247358767097,0.2588377535420119
-0.7124494270413736,0.2594490222292025
-0.7066741182060376,0.26005811274302193
-0.7008988093707017,0.2606649576783311
-0.6951235005353658,0.26126950080802946
-0.6893481917000298,0.2618716975631941
-0.6835728828646939,0.2624715154309928
-0.6777975740293579,0.2630689342665254
-0.672022265194022,0.2636639465152754
-0.666246956358686,0.2642565573434001
-0.6604716475233501,0.2648467846736619
-0.6546963386880141,0.26543465912540226
-0.6489210298526782,0.266020223857569
-0.6431457210173422,0.266603534314433
-0.6373704121820063,0.26718465787426654
-0.6315951033466704,0.2677636734018882
-0.6258197945113343,0.26834067070662315
-0.6200444856759983,0.2689157499078549
-0.6142691768406624,0.26948902071097497
-0.6084938680053265,0.27006060159714484
-0.6027185591699905,0.27063061893087653
-0.5969432503346546,0.2711992059900195
-0.5911679414993186,0.27176650192327634
-0.5853926326639827,0.2723326506408987
-0.5796173238286467,0.2728977996446913
-0.5738420149933108,0.2734620988039038
-0.5680667061579748,0.27402569908399804
-0.5622913973226389,0.27458875123564064
-0.5565160884873029,0.2751514044515961
-0.550740779651967,0.2757138049994619
-0.544965470816631,0.27627609483841414
-0.539190161981295,0.2768384102283006
-0.533414853145959,0.2774008803395385
-0.5276395443106231,0.2779636258723366
-0.5218642354752872,0.2785267576937742
-0.5160889266399512,0.2790903755012233
-0.5103136178046153,0.2796545665205052
-0.5045383089692793,0.28021940424701713
-0.49876300013394337,0.28078494723786435
-0.4929876912986074,0.28135123796277295
-0.4872123824632715,0.2819183017212584
-0.48143707362793553,0.2824861456331662
-0.47566176479259953,0.28305475770930766
-0.4698864559572636,0.2836241060084687
-0.46411114712192764,0.2841941378865912
-0.4583358382865917,0.28476477934340944
-0.45256052945125574,0.2853359344712705
-0.4467852206159198,0.2859074850102919
-0.44100991178058385,0.28647929001340156
-0.4352346029452479,0.2870511856241788
-0.4294592941099119,0.2876229849697712
-0.42368398527457596,0.28819447817050525
-0.41790867643924,0.2887654324671389
-0.41213336760390407,0.28933559246603935
-0.4063580587685681,0.2899046805018902
-0.4005827499332322,0.2904723971168731
-0.39480744109789623,0.29103842165460386
-0.3890321322625602,0.2916024129664604
-0.3832568234272243,0.2921640102273083
-0.37748151459188833,0.29272283385702186
-0.3717062057565524,0.2932784865436112
-0.36593089692121644,0.29383055436321065
-0.3601555880858805,0.2943786079916546
-0.35438027925054455,0.29492220400187563
-0.3486049704152086,0.29546088624090394
-0.3428296615798726,0.2959941872798273
-0.33705435274453666,0.2965216299296987
-0.3312790439092007,0.2970427288160432
-0.32550373507386476,0.2975569920043314
-0.3197284262385288,0.29806392266854026
-0.31395311740319287,0.2985630207947335
-0.3081778085678569,0.29905378491144086
-0.3024024997325209,0.29953571383852023
-0.296627190897185,0.30000830844613274
-0.29085188206184903,0.30047107341545815
-0.2850765732265131,0.30092351899281816
-0.27930126439117714,0.3013651627289651
-0.2735259555558412,0.3017955311954249
-0.26775064672050525,0.3022141616699589
-0.2619753378851693,0.30262060378342326
-0.2562000290498333,0.303014421120564
-0.25042472021449735,0.30339519276757254
-0.2446494113791614,0.3037625147995586
-0.23887410254382546,0.30411600170145087
-0.23309879370848952,0.30445528771622515
-0.22732348487315354,0.3047800281147761
-0.2215481760378176,0.3050899003821798
-0.21577286720248165,0.305384605315558
-0.2099975583671457,0.30566386802922585
-0.20422224953180973,0.30592743886329715
-0.19844694069647378,0.30617509419241784
-0.19267163186113784,0.3064066371318117
-0.1868963230258019,0.30662189813833285
-0.18112101419046592,0.306820735504739
-0.17534570535512997,0.307003035745913
-0.16957039651979403,0.3071687138762747
-0.16379508768445808,0.3073177135781337
-0.1580197788491221,0.3074500072612292
-0.15224447001378616,0.3075655960141953
-0.1464691611784502,0.307664509449165
-0.14069385234311424,0.3077468054411856
-0.1349185435077783,0.3078125697645665
-0.12914323467244235,0.30786191562870363
-0.12336792583710639,0.30789498311633323
-0.11759261700177044,0.30791193852755305
-0.11181730816643448,0.30791297363331205
-0.10604199933109854,0.30789830484241104
-0.10026669049576258,0.30786817228637087
-0.09449138166042663,0.307822838826817
-0.08871607282509067,0.3077625889902964
-0.08294076398975472,0.30768772783567977
-0.07716545515441876,0.307598579759519
-0.0713901463190828,0.30749548724491527
-0.06561483748374686,0.30737880955961744
-0.059839528648410904,0.3072489214092024
-0.05406421981307495,0.30710621155130163
-0.048288910977739,0.30695108137691934
-0.042513602142403045,0.30678394346494753
-0.03673829330706709,0.3066052201160143
-0.030962984471731136,0.30641534187181285
-0.025187675636395183,0.30621474602603915
-0.01941236680105923,0.30600387513303084
-0.013637057965723275,0.30578317552013357
-0.007861749130387322,0.3055530958097377
-0.002086440295051368,0.3053140854568228
0.0036888685402845854,0.3050665933077152
0.009464177375620539,0.30481106618561815
0.015239486210956492,0.3045479475083055
0.021014795046292445,0.3042776759431788
0.026790103881628398,0.30400068410468517
0.03256541271696435,0.30371739729886554
0.038340721552300304,0.3034282323195645
0.04411603038763626,0.3031335963005739
0.04989133922297222,0.3028338856277097
0.05566664805830817,0.30252948491453535
0.06144195689364412,0.3022207660451429
0.06721726572898007,0.30190808728709057
0.07299257456431603,0.3015917924772686
0.07876788339965198,0.3012722102831335
0.08454319223498794,0.30094965354139874
0.0903185010703239,0.3006244186759235
0.09609380990565984,0.300296785196175
0.1018691187409958,0.29996701527727637
0.10764442757633175,0.299635353422279
0.11341973641166771,0.2993020262069245
0.11919504524700365,0.2989672421067858
0.12497035408233961,0.29863119140630157
0.13074566291767556,0.2982940461888401
0.1365209717530115,0.2979559604065625
0.14229628058834748,0.2976170700284839
0.14807158942368343,0.29727749326477243
0.15384689825901937,0.2969373308649753
0.15962220709435532,0.29659666648751737
0.1653975159296913,0.29625556713748774
0.17117282476502724,0.2959140836694143
0.17694813360036318,0.29557225135142395
0.18272344243569916,0.295230090486901
0.1884987512710351,0.2948876070894954
0.19427406010637105,0.294544793607079
0.200049368941707,0.29420162969003516
0.20582467777704297,0.29385808299905863
0.21159998661237892,0.2935141100474731
0.21737529544771486,0.2931696570729245
0.2231506042830508,0.29282466093318427
0.22892591311838678,0.29247905002070756
0.23470122195372273,0.2921327451905263
0.24047653078905867,0.29178566069602135
0.24625183962439462,0.29143770512711853
0.25202714845973057,0.2910887823454783
0.25780245729506657,0.2907387924113076
0.2635777661304025,0.29038763249651467
0.26935307496573846,0.2900351977790439
0.2751283838010744,0.28968138231338303
0.28090369263641035,0.28932607987241304
0.2866790014717463,0.288969184755981
0.29245431030708224,0.2886105925618147
0.2982296191424182,0.28825020091466147
0.3040049279777542,0.2878879101498231
0.30978023681309014,0.28752362394757264
0.3155555456484261,0.287157249915273
0.32133085448376203,0.28678870011437474
0.327106163319098,0.28641789152984065
0.3328814721544339,0.28604474647993683
0.33865678098976987,0.2856691929647296
0.34443208982510587,0.28529116495204215
0.3502073986604418,0.2849106026000471
0.35598270749577776,0.28452745241609567
0.3617580163311137,0.2841416673518189
0.36753332516644965,0.2837532068349607
0.3733086340017856,0.2833620367388377
0.37908394283712155,0.2829681292907375
0.3848592516724575,0.28257146292098534
0.3906345605077935,0.2821720220548132
0.39640986934312944,0.2817697968495527
0.4021851781784654,0.2813647828800536
0.40796048701380133,0.28095698077557985
0.4137357958491373,0.2805463958117751
0.4195111046844732,0.28013303746160007
0.42528641351980917,0.2797169189094306
0.43106172235514517,0.27929805653276524
0.4368370311904811,0.2788764693562214
0.44261234002581706,0.2784521784827014
0.448387648861153,0.2780252065067704
0.45416295769648896,0.2775955769154301
0.4599382665318249,0.27716331348156525
0.46571357536716085,0.27672843965540667
0.4714888842024968,0.2762909779593809
0.4772641930378328,0.2758509493917074
0.48303950187316874,0.2754083728440606
0.4888148107085047,0.2749632645385281
0.49459011954384063,0.2745156374889817
0.5003654283791766,0.27406550099182136
0.5061407372145126,0.2736128601508602
0.5119160460498485,0.27315771544090167
0.5176913548851845,0.2727000623142942
0.5234666637205204,0.27223989085446904
0.5292419725558564,0.2717771854801416
0.5350172813911923,0.2713119247035152
0.5407925902265283,0.27084408094545015
0.5465678990618642,0.270373620410168
0.5523432078972002,0.26990050302163837
0.5581185167325361,0.2694246824233633
0.563893825567872,0.2689461060428174
0.569669134403208,0.2684647152213354
0.5754444432385439,0.26798044540976446
0.58121975207388,0.2674932264297053
0.5869950609092159,0.2670029827996875
0.5927703697445519,0.2665096341251217
0.5985456785798878,0.2660130955503902
0.6043209874152238,0.26551327827094867
0.6100962962505597,0.2650100901028375
0.6158716050858957,0.2645034361065357
0.6216469139212316,0.263993219261642
0.6274222227565676,0.2634793411884334
0.6331975315919035,0.26296170291194554
0.6389728404272395,0.26244020566382487
0.6447481492625754,0.2619147517168528
0.6505234580979113,0.26138524524670276
0.6562987669332473,0.26085159321519846
0.6620740757685832,0.26031370626908
0.6678493846039193,0.25977149964805213
0.6736246934392552,0.2592248940957097
0.6794000022745912,0.258673816766785
0.6851753111099271,0.25811820212405895
0.6909506199452631,0.2575579928182177
0.696725928780599,0.2569931405439253
0.702501237615935,0.25642360686540744
0.7082765464512709,0.2558493640049241
0.7140518552866069,0.2552703955876278
0.7198271641219428,0.254686697336477
0.7256024729572788,0.25409827771108523
0.7313777817926147,0.25350515848465166
0.7371530906279506,0.25290737525341617
0.7429283994632866,0.2523049778734355
0.7487037082986225,0.25169803081985814
0.7544790171339586,0.2510866134643052
0.7602543259692945,0.2504708202664264
0.7660296348046305,0.24985076087619468
0.7718049436399664,0.24922656014403374
0.7775802524753024,0.24859835803642533
0.7833555613106383,0.2479663094552242
0.7891308701459743,0.24733058395950921
0.7949061789813102,0.2466913653894187
0.8006814878166462,0.24604885139204563
0.8064567966519821,0.24540325285011327
0.8122321054873181,0.24475479321479465
0.818007414322654,0.24410370774468435
0.82378272315799,0.2434502426535754
0.8295580319933259,0.24279465417032636
0.8353333408286618,0.24213720751472434
0.8411086496639979,0.241478175793855
0.8468839584993338,0.24081783882407112
0.8526592673346698,0.24015648188421035
0.8584345761700057,0.23949439440623685
0.8642098850053417,0.2388318686099775
0.8699851938406776,0.23816919808907672
0.8757605026760136,0.23750667635570974
0.8815358115113495,0.23684459535196348
0.8873111203466855,0.23618324393611745
0.8930864291820214,0.23552290635232978
0.8988617380173574,0.234863860692453
0.9046370468526933,0.23420637735886993
0.9104123556880293,0.23355071753735157
0.9161876645233652,0.2328971316889865
0.9219629733587011,0.23224585807023068
0.9277382821940372,0.23159712129005708
0.9335135910293731,0.23095113091306232
0.9392888998647091,0.2303080801172066
0.945064208700045,0.2296681444146213
0.950839517535381,0.22903148044362284
0.9566148263707169,0.2283982248397226
0.9623901352060529,0.22776849319301423
0.9681654440413888,0.22714237909887136
0.9739407528767248,0.22651995330838215
0.9797160617120607,0.2259012629844047
0.9854913705473967,0.22528633106853785
0.9912666793827326,0.2246751557636808
0.9970419882180686,0.22406771013619575
1.0028172970534046,0.22346394184100446
1.0085926058887404,0.22286377297223886
1.0143679147240765,0.22226710004133804
1.0201432235594123,0.22167379408374077
1.0259185323947484,0.22108370089456983
1.0316938412300842,0.22049664139294942
1.0374691500654203,0.21991241211383866
1.0432444589007561,0.2193307858255172
1.0490197677360922,0.21875151227011783
1.054795076571428,0.21817431902388107
1.060570385406764,0.21759891247310112
1.0663456942421001,0.21702497890106243
1.072121003077436,0.21645218568061333
1.077896311912772,0.21588018256641867
1.0836716207481079,0.21530860308035515
1.089446929583444,0.21473706598298695
1.0952222384187797,0.21416517682357078
1.1009975472541158,0.21359252956060662
1.1067728560894516,0.21301870824456312
1.1125481649247877,0.21244328875407853
1.1183234737601235,0.21186584057666005
1.1240987825954596,0.21128592862468917
1.1298740914307954,0.21070311507737988
1.1356494002661315,0.21011696123923448
1.1414247091014673,0.20952702940550247
1.1472000179368034,0.2089328847251637
1.1529753267721394,0.20833409705203157
1.1587506356074753,0.2077302427747055
1.1645259444428113,0.20712090661629073
1.1703012532781472,0.20650568339504127
1.1760765621134832,0.20588417973737988
1.181851870948819,0.20525601573508775
1.187627179784155,0.20462082653884472
1.193402488619491,0.20397826388073265
1.199177797454827,0.2033279975187836
1.2049531062901628,0.20266971659715952
1.210728415125499,0.20200313091608801
1.2165037239608347,0.201327972106242
1.2222790327961708,0.20064399470283967
1.2280543416315066,0.1999509771153463
1.2338296504668427,0.19924872248928233
1.2396049593021787,0.19853705945727154
1.2453802681375146,0.19781584277710001
1.2511555769728506,0.1970849538551967
1.2569308858081865,0.19634430115457796
1.2627061946435225,0.19559382048693008
1.2684815034788584,0.19483347518911792
1.2742568123141944,0.19406325618501152
1.2800321211495302,0.19328318193410426
1.2858074299848663,0.19249329826895842
1.2915827388202021,0.19169367812404933
1.2973580476555382,0.19088442115908813
1.303133356490874,0.19006565328037817
1.30890866532621,0.18923752606420685
1.3146839741615461,0.18840021608668192
1.320459282996882,0.1875539241647945
1.326234591832218,0.18669887451382486
1.3320099006675539,0.18583531382650273
1.33778520950289,0.1849635102795894
1.3435605183382258,0.18408375247376338
1.3493358271735618,0.18319634831286774
1.3551111360088977,0.1823016238287109
1.3608864448442337,0.1813999219577097
1.3666617536795695,0.1804916012757182
1.3724370625149056,0.17957703469740866
1.3782123713502414,0.17865660814654905
1.3839876801855775,0.177730719203475
1.3897629890209133,0.1767997757359643
1.3955382978562494,0.1758641945196097
1.4013136066915854,0.17492439985363847
1.4070889155269213,0.17398082217795519
1.4128642243622573,0.17303389669698865
1.4186395331975932,0.17208406201570317
1.4244148420329292,0.17113175879289652
1.430190150868265,0.17017742841665026
1.4359654597036011,0.16922151170652733
1.441740768538937,0.16826444764682608
1.447516077374273,0.16730667215490969
1.4532913862096088,0.1663486168883249
1.459066695044945,0.16539070809411938
1.4648420038802807,0.16443336550345566
1.4706173127156168,0.16347700127430986
1.4763926215509526,0.162522018984732
1.4821679303862887,0.16156881267883824
1.4879432392216247,0.1606177659674013
1.4937185480569606,0.1596692511846105
1.4994938568922966,0.15872362860228248
1.5052691657276325,0.15778124570252225
1.5110444745629685,0.1568424365095663
1.5168197833983044,0.15590752098127814
1.5225950922336404,0.15497680446051923
1.5283704010689763,0.15405057718638307
1.5341457099043123,0.15312911386505818
1.5399210187396482,0.15221267329987548
1.5456963275749842,0.15130149807990045
1.55147163641032,0.15039581432624974
1.557246945245656,0.14949583149514062
1.563022254080992,0.14860174223652994
1.568797562916328,0.14771372230705618
1.574572871751664,0.146831930535869
1.5803481805869999,0.14595650884181763
1.586123489422336,0.1450875823003627
1.5918987982576718,0.14422525925848595
1.5976741070930078,0.1433696314957918
1.6034494159283437,0.14252077442992342
1.6092247247636797,0.14167874736435662
1.6150000335990156,0.14084359377658429
1.6207753424343516,0.14001534164466184
1.6265506512696875,0.13919400381004862
1.6323259601050235,0.13837957837465797
1.6381012689403593,0.13757204913000348
1.6438765777756954,0.13677138601632075
1.6496518866110312,0.1359775456095331
1.6554271954463673,0.13519047163392872
1.6612025042817034,0.1344100954984192
1.6669778131170392,0.13363633685425544
1.6727531219523752,0.13286910417208778
1.678528430787711,0.13210829533627083
1.6843037396230471,0.1313537982543314
1.690079048458383,0.1306054914795361
1.695854357293719,0.1298632448445199
1.7016296661290549,0.12912692010395954
1.707404974964391,0.12839637158430456
1.7131802837997268,0.12767144683860665
1.7189555926350628,0.12695198730451987
1.7247309014703986,0.12623782896357638
1.7305062103057347,0.12552880299987848
1.7362815191410705,0.12482473645638341
1.7420568279764066,0.12412545288699628
1.7478321368117427,0.12343077300272759
1.7536074456470785,0.12274051531021378
1.7593827544824145,0.12205449674094412
1.7651580633177504,0.12137253326958389
1.7709333721530864,0.12069444051983383
1.7767086809884223,0.12002003435631539
1.7824839898237583,0.1193491314610273
1.7882592986590942,0.11868154989297362
1.7940346074944302,0.11801710962962463
1.799809916329766,0.11735563308893071
1.8055852251651021,0.11669694563067842
1.811360534000438,0.11604087603604009
1.817135842835774,0.1153872569642449
1.8229111516711098,0.11473592538536732
1.828686460506446,0.11408672298830906
1.834461769341782,0.11343949656312867
1.8402370781771178,0.11279409835695485
1.8460123870124538,0.11215038640280645
1.8517876958477897,0.11150822482072761
1.8575630046831257,0.11086748409073968
1.8633383135184616,0.1102280412972024
1.8691136223537976,0.10958978034427391
1.8748889311891335,0.1089525921422547
1.8806642400244695,0.10831637476470113
1.8864395488598054,0.1076810335762941
1.8922148576951414,0.10704648133154963
1.8979901665304773,0.10641263824456115
1.9037654753658133,0.10577943203006648
1.9095407842011491,0.10514679791623328
1.9153160930364852,0.10451467862966128
1.9210914018718213,0.10388302435319954
1.926866710707157,0.10325179265727609
1.9326420195424932,0.10262094840553676
1.938417328377829,0.1019904636356829
1.944192637213165,0.10136031741649217
1.9499679460485009,0.10073049568209183
1.955743254883837,0.10010099104464139
1.9615185637191728,0.09947180258665803
1.9672938725545088,0.09884293563429436
1.9730691813898447,0.09821440151294422
1.9788444902251807,0.09758621728661629
1.9846197990605166,0.09695840548256819
1.9903951078958526,0.09633099380274338
1.9961704167311884,0.09570401482359117
2.0019457255665243,0.09507750568588456
2.0077210344018606,0.09445150777617177
2.0134963432371964,0.09382606640151382
2.0192716520725322,0.09320123045916696
2.0250469609078685,0.09257705210286364
2.0308222697432043,0.0919535864073367
2.03659757857854,0.09133089103270801
2.042372887413876,0.0907090258903338
2.0481481962492123,0.09008805281165994
2.053923505084548,0.08946803522159245
2.059698813919884,0.08884903781783225
2.06547412275522,0.08823112625755966
2.071249431590556,0.08761436685278214
2.077024740425892,0.08699882627557912
2.0828000492612277,0.08638457127439386
2.0885753580965636,0.08577166840242982
2.0943506669319,0.08516018375911155
2.1001259757672357,0.0845501827454721
2.1059012846025715,0.08394172983421946
2.111676593437908,0.08333488835513095
2.1174519022732436,0.08272972029631127
2.1232272111085795,0.08212628612174133
2.1290025199439153,0.08152464460543035
2.1347778287792516,0.08092485268237551
2.1405531376145874,0.08032696531642218
2.1463284464499233,0.07973103538500971
2.152103755285259,0.07913711358068509
2.1578790641205954,0.07854524832916396
2.163654372955931,0.0779554857236241
2.169429681791267,0.07736786947482528
2.175204990626603,0.07678244087656416
2.180980299461939,0.07619923878589527
2.186755608297275,0.07561829961747817
2.192530917132611,0.07503965735134584
2.198306225967947,0.07446334355333625
2.204081534803283,0.0738893874073785
2.209856843638619,0.07331781575878765
2.2156321524739546,0.07274865316769091
2.221407461309291,0.07218192197168544
2.2271827701446267,0.07161764235681402
2.2329580789799626,0.07105583243593927
2.2387333878152984,0.07049650833359901
2.2445086966506347,0.06993968427643565
2.2502840054859705,0.06938537268830929
2.2560593143213064,0.06883358428922803
2.261834623156642,0.06828432819725992
2.2676099319919785,0.06773761203262557
2.2733852408273143,0.06719344202321342
2.27916054966265,0.0666518231108027
2.2849358584979864,0.06611275905732944
2.2907111673333223,0.0655762525505841
2.296486476168658,0.06504230530878029
2.302261785003994,0.06451091818349404
2.30803709383933,0.06398209126052622
2.313812402674666,0.06345582395829955
2.319587711510002,0.06293211512345712
2.3253630203453377,0.062410963123383886
2.331138329180674,0.06189236593542595
2.33691363801601,0.06137632123263409
2.3426889468513457,0.060862826465902756
2.3484642556866815,0.060351878942424116
2.3542395645220178,0.0598434759004137
2.3600148733573536,0.05933761458010321
2.3657901821926894,0.058834292291026304
2.3715654910280257,0.05833350647565247
2.3773407998633616,0.057835254769446134
2.3831161086986974,0.05733953505744631
2.3888914175340332,0.05684634552747714
2.3946667263693695,0.05635568472010696
2.4004420352047053,0.05586755157548084
2.406217344040041,0.055381945477148926
2.411992652875377,0.05489886629301376
2.4177679617107133,0.05441831441350922
2.423543270546049,0.05394029078711691
2.429318579381385,0.05346479695331081
2.435093888216721,0.05299183507300802
2.440869197052057,0.05252140795658508
2.446644505887393,0.05205351908950216
2.4524198147227287,0.051588172655557596
2.458195123558065,0.05112537355777638
2.463970432393401,0.05066512743691627
2.4697457412287367,0.05020744068755566
2.4755210500640725,0.04975232047171138
2.481296358899409,0.04929977472991469
2.4870716677347446,0.04884981218966224
2.4928469765700805,0.04840244237114376
2.4986222854054163,0.04795767559013791
2.5043975942407526,0.047515522957961374
2.5101729030760884,0.0470759963783504
2.5159482119114243,0.046639108541151754
2.52172352074676,0.04620487291270238
2.5274988295820964,0.04577330372278133
2.533274138417432,0.04534441594802429
2.539049447252768,0.04491822529170307
2.5448247560881043,0.04449474815978647
2.55060006492344,0.04407400163321371
2.556375373758776,0.043656003436334564
2.562150682594112,0.04324077190148905
2.567925991429448,0.04282832592972628
2.573701300264784,0.04241868494768717
2.5794766091001198,0.04201186886070332
2.5852519179354556,0.04160789800219525
2.591027226770792,0.041206793079480344
2.5968025356061277,0.04080857511613376
2.6025778444414636,0.04041326539107564
2.6083531532767994,0.0400208853745872
2.6141284621121357,0.03963145666148925
2.6199037709474715,0.03924500090174477
2.6256790797828073,0.03886153972877477
2.6314543886181436,0.038481094685800916
2.6372296974534795,0.03810368715055418
2.6430050062888153,0.037729338258707425
2.648780315124151,0.03735806882640954
2.6545556239594874,0.03698989927231375
2.6603309327948232,0.03662484953950601
2.666106241630159,0.03626293901774696
2.671881550465495,0.03590418646644857
2.677656859300831,0.03554860993880758
2.683432168136167,0.035196226707516855
2.689207476971503,0.03484705319247248
2.6949827858068387,0.03450110489088373
2.700758094642175,0.03415839631018368
2.706533403477511,0.033818940904121936
2.7123087123128466,0.03348275101240351
2.718084021148183,0.03314983780421557
2.7238593299835188,0.03282021122596183
2.7296346388188546,0.032493879953495015
2.7354099476541904,0.03217085134911091
2.7411852564895267,0.03185113142353612
2.7469605653248625,0.0315347248031067
2.7527358741601984,0.031221634702304275
2.758511182995534,0.03091186290177607
2.7642864918308705,0.030605409731932945
2.7700618006662063,0.030302274062178766
2.775837109501542,0.030002453295790793
2.7816124183368784,0.029705943370429574
2.7873877271722143,0.029412738764223234
2.79316303600755,0.029122832507333204
2.798938344842886,0.028836216198872874
2.8047136536782222,0.02855288002901822
2.810488962513558,0.02827281280611496
2.816264271348894,0.027996001988557284
2.8220395801842297,0.027722433721184256
2.827814889019566,0.027452092875912784
2.833590197854902,0.027184963096301487
2.8393655066902377,0.02692102684571955
2.8451408155255735,0.026660265458772647
2.85091612436091,0.02640265919562393
2.8566914331962456,0.026148187298832615
2.8624667420315815,0.02589682805232274
2.8682420508669177,0.025648558842085306
2.8740173597022536,0.025403356218213283
2.8797926685375894,0.02516119595786548
2.8855679773729253,0.02492205312875463
2.8913432862082615,0.024685902152761646
2.8971185950435974,0.024452716869278995
2.902893903878933,0.024222470597898005
2.908669212714269,0.023995136200064632
2.9144445215496053,0.02377068613934019
2.920219830384941,0.023549092539920227
2.925995139220277,0.023330327243081275
2.931770448055613,0.023114361861243923
2.937545756890949,0.022901167829362343
2.943321065726285,0.022690716453371146
2.9490963745616208,0.022482978955446205
2.954871683396957,0.022277926515858165
2.960646992232293,0.022075530311225347
2.9664223010676287,0.021875761548997032
2.9721976099029646,0.021678591498027512
2.977972918738301,0.021483991515125977
2.9837482275736367,0.021291933067497236
2.9895235364089725,0.02110238775101455
2.9952988452443083,0.020915327304294316
3.0010741540796446,0.02073072361856836
3.0068494629149805,0.020548548743378664
3.0126247717503163,0.020368774888143745
3.018400080585652,0.020191374419672566
3.0241753894209884,0.020016319855726744
3.0299506982563242,0.019843583854756264
3.03572600709166,0.019673139201956045
3.0415013159269964,0.019504958791814138
3.047276624762332,0.019339015607341872
3.053051933597668,0.01917528269619669
3.058827242433004,0.019013733143927698
3.06460255126834,0.018854340044588802
3.070377860103676,0.018697076468982513
3.076153168939012,0.01854191543081052
3.0819284777743476,0.01838882985102027
3.087703786609684,0.018237792520648135
3.0934790954450198,0.018088776062471137
3.0992544042803556,0.017941752891785116
3.1050297131156914,0.017796695176636818
3.1108050219510277,0.017653574797842166
3.1165803307863635,0.01751236330912507
3.1223556396216994,0.017373031897717738
3.1281309484570357,0.017235551345759756
3.1339062572923715,0.017099891992836534
3.1396815661277073,0.01696602369999301
3.145456874963043,0.016833915815556454
3.1512321837983794,0.016703537143096536
3.1570074926337153,0.01657485591184374
3.162782801469051,0.01644783974987973
3.168558110304387,0.016322455660403048
3.1743334191397232,0.01619867000136195
3.180108727975059,0.016076448468733965
3.185884036810395,0.015955756083716455
3.1916593456457307,0.015836557184076866
3.197434654481067,0.015718815419893863
3.203209963316403,0.01560249375390109
3.2089852721517387,0.015487554466624281
3.214760580987075,0.015373959166481464
3.220535889822411,0.015261668804990155
3.2263111986577466,0.01515064369720276
3.2320865074930825,0.015040843547462964
3.2378618163284187,0.014932227480548134
3.2436371251637546,0.014824754078234527
3.2494124339990904,0.014718381421290876
3.2551877428344262,0.01461306713687419
3.2609630516697625,0.014508768451269347
3.2667383605050984,0.01440544224788128
3.272513669340434,0.014303045130352497
3.27828897817577,0.014201533490646148
3.2840642870111063,0.0141008635818984
3.289839595846442,0.014000991595808305
3.295614904681778,0.013901873744299253
3.3013902135171143,0.013803466345149302
3.30716552235245,0.013705725911254563
3.312940831187786,0.01360860924315448
3.3187161400231218,0.013512073524415559
3.324491448858458,0.013416076419438946
3.330266757693794,0.013320576173224347
3.3360420665291297,0.013225531712598035
3.3418173753644655,0.013130902748383577
3.347592684199802,0.013036649877969878
3.3533679930351377,0.012942734687712381
3.3591433018704735,0.012849119854581493
3.3649186107058093,0.012755769246459572
3.3706939195411456,0.01266264802047486
3.3764692283764814,0.012569722718753257
3.3822445372118173,0.01247696136096501
3.3880198460471536,0.012384333533042847
3.3937951548824894,0.012291810471453035
3.3995704637178252,0.012199365142410611
3.405345772553161,0.0121069723154413
3.4111210813884973,0.012014608630714563
3.416896390223833,0.011922252659591482
3.422671699059169,0.011829884957861973
3.428447007894505,0.011737488111177174
3.434222316729841,0.011645046772219815
3.439997625565177,0.011552547689198087
3.445772934400513,0.011459979725294788
3.4515482432358486,0.011367333868752154
3.457323552071185,0.011274603233329374
3.4630988609065207,0.011181783048926634
3.4688741697418566,0.011088870642230287
3.474649478577193,0.010995865407298458
3.4804247874125287,0.010902768766072882
3.4862000962478645,0.010809584118871212
3.4919754050832004,0.010716316784983098
3.4977507139185366,0.010622973933566732
3.5035260227538725,0.010529564505110462
3.5093013315892083,0.01043609912379886
3.515076640424544,0.010342590001190078
3.5208519492598804,0.01024905083168232
3.5266272580952163,0.01015549668031357
3.532402566930552,0.010061943863502981
3.538177875765888,0.009968409823404235
3.543953184601224,0.009874912996597977
3.54972849343656,0.009781472677904414
3.555503802271896,0.009688108880143778
3.561279111107232,0.009594842190716981
3.567054419942568,0.009501693625914619
3.572829728777904,0.009408684483891573
3.5786050376132397,0.009315836197271945
3.584380346448576,0.009223170186360492
3.590155655283912,0.009130707713950196
3.5959309641192476,0.009038469742715001
3.6017062729545835,0.008946476796170815
3.6074815817899197,0.008854748824173855
3.6132568906252556,0.008763305073903821
3.6190321994605914,0.00867216396724886
3.6248075082959272,0.008581342985472213
3.6305828171312635,0.008490858561995843
3.6363581259665994,0.008400725984082332
3.642133434801935,0.008310959304139418
3.6479087436372715,0.008221571261304413
3.6536840524726073,0.00813257321389409
3.659459361307943,0.008043975083229137
3.665234670143279,0.007955785309259885
3.6710099789786153,0.0078680108183325
3.676785287813951,0.007780657003347492
3.682560596649287,0.007693727716466795
3.6883359054846228,0.007607225274432951
3.694111214319959,0.007521150476466537
3.699886523155295,0.00743550263461238
3.7056618319906307,0.0073502796163080805
3.7114371408259665,0.007265477898854304
3.717212449661303,0.007181092635371907
3.7229877584966387,0.007097117731742614
3.7287630673319745,0.007013545933942053
3.7345383761673108,0.0069303689250923926
3.7403136850026466,0.0068475774314842785
3.7460889938379824,0.006765161336747526
3.7518643026733183,0.006683109803284071
3.7576396115086546,0.0066014114000196265
3.7634149203439904,0.006520054235479966
3.7691902291793262,0.00643902609515538
3.774965538014662,0.00635831458208279
3.7807408468499983,0.006277907259551007
3.786516155685334,0.006197791794815365
3.79229146452067,0.006117956102704393
3.798066773356006,0.006038388487999422
3.803842082191342,0.005959077785481315
3.809617391026678,0.005880013496556884
3.815392699862014,0.005801185921407225
3.82116800869735,0.005722586285635808
3.826943317532686,0.005644206860440919
3.8327186263680217,0.005566041075389799
3.8384939352033576,0.005488083622931273
3.844269244038694,0.0054103305538516005
3.8500445528740297,0.005332779362951706
3.8558198617093655,0.005255429064301518
3.8615951705447014,0.005178280255511729
3.8673704793800376,0.005101335170550768
3.8731457882153735,0.0050245977207241735
3.8789210970507093,0.00494807352352881
3.884696405886045,0.004871769919187597
3.8904717147213814,0.004795695974767096
3.8962470235567173,0.0047198624758755196
3.902022332392053,0.004644281906033467
3.9077976412273894,0.0045689684139041935
3.913572950062725,0.004493937768659352
3.919348258898061,0.004419207303845262
3.925123567733397,0.004344795850198263
3.930898876568733,0.004270723657937259
3.936674185404069,0.004197012309135747
3.942449494239405,0.0041236846208443844
3.9482248030747407,0.004050764539698297
3.954000111910077,0.003978277028797752
3.9597754207454128,0.003906247947701005
3.9655507295807486,0.00383470392640964
3.9713260384160844,0.0037636722342600307
3.9771013472514207,0.003693180644661503
3.9828766560867566,0.0036232572966405927
3.9886519649220924,0.0035539305541605337
3.9944272737574287,0.0034852288641901716
4.000202582592764,0.0034171806144891086
4.005977891428101,0.0033498139920666507
4.011753200263437,0.0032831568432507307
4.0175285090987725,0.0032172365362786223
4.023303817934108,0.003152079827286487
4.029079126769444,0.003087712730538277
4.03485443560478,0.0030241603936886083
4.040629744440116,0.0029614469788245765
4.046405053275452,0.002899595549977755
4.052180362110788,0.0028386279677394995
4.057955670946124,0.0027785647915492036
4.06373097978146,0.0027194251901631293
4.069506288616796,0.0026612268607408927
4.075281597452132,0.0026039859569212936
4.0810569062874675,0.002547717026186889
4.086832215122803,0.002492432956747507
4.09260752395814,0.0024381449341024583
4.098382832793476,0.002384862407371768
4.104158141628812,0.002332593065418132
4.109933450464148,0.0022813428227146243
4.115708759299483,0.0022311158148495876
4.121484068134819,0.0021819144034974907
4.127259376970155,0.0021337391906264356
4.133034685805491,0.002086589041658004
4.138809994640828,0.0020404611172429067
4.1445853034761635,0.0019953509132696967
4.150360612311499,0.0019512523086801783
4.156135921146835,0.0019081576206261188
4.161911229982171,0.001866057666469102
4.167686538817507,0.0018249418320950492
4.173461847652843,0.0017847981459910324
4.179237156488179,0.0017456133585122989
4.185012465323515,0.0017073730257522882
4.190787774158851,0.0016700615974180573
4.196563082994187,0.0016336625081076759
4.202338391829523,0.0015981582713856992
4.208113700664859,0.0015635305760539615
4.213889009500194,0.0015297603840229304
4.21966431833553,0.001496828029199608
4.225439627170867,0.0014647133168202461
4.231214936006203,0.0014333956226760239
4.236990244841539,0.0014028539916973554
4.2427655536768745,0.0013730672353873593
4.24854086251221,0.0013440140276183116
4.254316171347546,0.0013156729983340564
4.260091480182882,0.001288022824727702
4.265866789018219,0.0012610423194963378
4.2716420978535545,0.0012347105158034867
4.27741740668889,0.0012090067486144641
4.283192715524226,0.0011839107320997136
4.288968024359562,0.0011594026328354341
4.294743333194898,0.0011354631385631214
4.300518642030234,0.0011120735223012104
4.3062939508655695,0.0010892157016351204
4.312069259700906,0.0010668722930410263
4.317844568536242,0.0010450266611318861
4.323619877371578,0.001023662962739849
4.329395186206914,0.00100276618577976
4.33517049504225,0.000982322182864633
4.340945803877585,0.0009623176996678736
4.346721112712921,0.0009427403980526035
4.352496421548258,0.0009235788740098274
4.358271730383594,0.0009048226704679705
4.36404703921893,0.0008864622850556213
4.3698223480542655,0.0008684891729177856
4.375597656889601,0.000850895744700344
4.381372965724937,0.0008336753598337469
4.387148274560273,0.0008168223152601926
4.392923583395609,0.0008003318297583122
4.398698892230946,0.0007842000240335289
4.404474201066281,0.0007684238967480835
4.410249509901617,0.0007530012966749063
4.416024818736953,0.0007379308911668284
4.421800127572289,0.0007232121311371764
4.427575436407625,0.000708845212755391
4.433350745242961,0.0006948310360637144
4.439126054078297,0.0006811711607263276
4.444901362913633,0.0006678677591249547
4.450676671748969,0.0006549235670180436
4.456451980584305,0.0006423418319820087
4.462227289419641,0.0006301262598563187
4.4680025982549765,0.0006182809594150098
4.473777907090312,0.0006068103854883194
4.479553215925648,0.0005957192807592195
4.485328524760985,0.0005850126164619728
4.491103833596321,0.000574695532207849
4.4968791424316565,0.0005647732751666423
4.502654451266992,0.0005552511388309663
4.508429760102328,0.0005461344015913056
4.514205068937664,0.0005374282653503029
4.519980377773,0.0005291377944044726
4.525755686608337,0.0005212678548201979
4.531530995443672,0.0005138230545327542
4.537306304279008,0.0005068076843935017
4.543081613114344,0.000500225660391488
4.54885692194968,0.0004940804672731143
4.554632230785016,0.000488375103781683
4.560407539620352,0.0004831120297362655
4.5661828484556874,0.0004782931151661096
4.571958157291024,0.00047391959171427973
4.57773346612636,0.00046999200651767813
4.583508774961696,0.000466510178767871
4.589284083797032,0.00046347315915005885
4.5950593926323675,0.00046087919235048404
4.600834701467703,0.00045872568281648597
4.606610010303039,0.0004570091639434536
4.612385319138376,0.00045572527085375666
4.618160627973712,0.00045486871692292964
4.623935936809048,0.00045443327419642486
4.629711245644383,0.0004544117578274172
4.635486554479719,0.00045479601465362417
4.641261863315055,0.00045557691601495406
4.647037172150391,0.0004567443549008173
4.652812480985727,0.00045828724749666285
4.6585877898210635,0.00046019353918441436
4.664363098656399,0.0004624502150311575
4.670138407491735,0.0004650433147837755
4.675913716327071,0.0004679579523653868
4.681689025162407,0.00047117833985028685
4.687464333997743,0.0004746878158738612
4.6932396428330785,0.0004784688784111408
4.699014951668415,0.00048250322183733974
4.704790260503751,0.0004867717781622139
4.710565569339087,0.0004912547623075053
4.716340878174423,0.0004959317212756302
4.7221161870097585,0.0005007815870369551
4.727891495845094,0.0005057827329402222
4.73366680468043,0.0005109130334336178
4.739442113515766,0.0005161499268598489
4.745217422351103,0.000521470481073896
4.750992731186439,0.0005268514616109852
4.7567680400217744,0.0005322694021182935
4.76254334885711,0.000537700676745548
4.768318657692446,0.0005431215741781381
4.774093966527782,0.0005485083729828654
4.779869275363118,0.0005538374179245297
4.7856445841984545,0.0005590851969041817
4.79141989303379,0.0005642284181622617
4.797195201869126,0.0005692440873827503
4.802970510704462,0.0005741095843346256
4.808745819539798,0.0005788027386822228
4.814521128375134,0.0005833019045992874
4.8202964372104695,0.0005875860338252787
4.826071746045805,0.0005916347468039665
4.831847054881142,0.0005954284015578584
4.837622363716478,0.0005989481599562394
4.843397672551814,0.0006021760510500056
4.84917298138715,0.0006050950311579312
4.854948290222485,0.000607689040407618
4.860723599057821,0.0006099430554491643
4.866498907893157,0.0006118431380819416
4.872274216728494,0.0006133764795543091
4.87804952556383,0.0006145314403201334
4.8838248343991655,0.0006152975850592258
4.889600143234501,0.0006156657127962487
4.895375452069837,0.0006156278819763735
4.901150760905173,0.0006151774303867607
4.906926069740509,0.0006143089898387457
4.912701378575845,0.0006130184955554238
4.918476687411181,0.0006113031902388205
4.924251996246517,0.0006091616228191925
4.930027305081853,0.0006065936419188296
4.935802613917189,0.0006036003840910469
4.941577922752525,0.000600184256924458
4.9473532315878606,0.0005963489171296129
4.953128540423196,0.0005920992437511683
4.958903849258533,0.0005874413066772018
4.964679158093869,0.000582382330638283
4.970454466929205,0.0005769306549152338
4.976229775764541,0.0005710956889947113
4.9820050845998765,0.0005648878644313234
4.987780393435212,0.0005583185831938564
4.993555702270548,0.0005514001627899019
4.999331011105884,0.0005441457784753504
5.005106319941221,0.0005365694028702179
5.0108816287765565,0.0005286857433085008
5.016656937611892,0.0005205101772617704
5.022432246447228,0.0005120586861775567
5.028207555282564,0.0005033477880803643
5.0339828641179,0.0004943944692802696
5.039758172953236,0.00048521611553758483
5.045533481788572,0.0004758304430246118
5.051308790623908,0.0004662554294211597
5.057084099459244,0.00045650924547561804
5.06285940829458,0.00044661018734904953
5.068634717129916,0.0004365766100529224
5.074410025965252,0.000426426862276591
5.080185334800587,0.00041617922288418943
5.085960643635923,0.00040585183934844235
5.09173595247126,0.00039546266836770023
5.097511261306596,0.00038502941889661515
5.103286570141932,0.0003745694978005004
5.1090618789772675,0.00036409995832323294
5.114837187812603,0.0003536374515369393
5.120612496647939,0.00034319818092185786
5.126387805483275,0.0003327978602012628
5.132163114318612,0.00032245167453573854
5.1379384231539476,0.00031217424515779936
5.143713731989283,0.00030197959750801677
5.149489040824619,0.00029188113290962587
5.155264349659955,0.00028189160380038967
5.161039658495291,0.00027202309251789296
5.166814967330627,0.00026228699361547335
5.172590276165963,0.0002526939996677271
5.178365585001299,0.00024325409050473916
5.184140893836635,0.00023397652579914066
5.189916202671971,0.0002248698409139183
5.195691511507307,0.00021594184590104266
5.201466820342643,0.00020719962753409493
5.2072421291779785,0.00019864955423868139
5.213017438013314,0.00019029728377899756
5.218792746848651,0.00018214777354600125
5.224568055683987,0.0001742052932867692
5.230343364519323,0.0001664734401067595
5.2361186733546585,0.000158955155571662
5.241893982189994,0.0001516527447312007
5.24766929102533,0.00014456789688463336
5.253444599860666,0.00013770170790668342
5.259219908696002,0.00013105470395192564
5.264995217531339,0.00012462686635588078
5.270770526366674,0.00011841765755497575
5.27654583520201,0.00011242604784879274
5.282321144037346,0.00010665054283282797
5.288096452872682,0.0001010892113347847
5.293871761708018,9.573971369349998e-5
5.299647070543354,9.059933022538612e-5
5.30542237937869,8.566498973068591e-5
5.311197688214026,8.093329789995453e-5
5.316972997049362,7.640056548896654e-5
5.322748305884698,7.206283613771258e-5
5.328523614720034,6.791591372102635e-5
5.3342989235553695,6.395538912345056e-5
5.340074232390705,6.017666634313052e-5
5.345849541226041,5.6574987838839364e-5
5.351624850061378,5.314545904055133e-5
5.357400158896714,4.988307195751343e-5
5.36317546773205,4.678272782335149e-5
5.368950776567385,4.3839258728751475e-5
5.374726085402721,4.104744820060142e-5
5.380501394238057,3.840205069343631e-5
5.386276703073393,3.5897809970538135e-5
5.39205201190873,3.3529476355341915e-5
5.3978273207440655,3.1291822846140314e-5
5.403602629579401,2.91796600889304e-5
5.409377938414737,2.7187850214265008e-5
5.415153247250073,2.5311319546866048e-5
5.420928556085409,2.354507020457374e-5
5.426703864920745,2.1884190606630098e-5
5.4324791737560805,2.0323864916863433e-5
5.438254482591417,1.885938145143812e-5
5.444029791426753,1.7486140084213043e-5
5.449805100262089,1.6199658686268234e-5
5.455580409097425,1.4995578638393129e-5
5.4613557179327605,1.3869669459123566e-5
5.467131026768096,1.2817832589602984e-5
5.472906335603432,1.183610438278658e-5
5.478681644438769,1.0920658340503135e-5
5.484456953274105,1.006780664672611e-5
5.490232262109441,9.274001042872907e-6
5.496007570944776,8.535833093474901e-6
5.501782879780112,7.850033887373052e-6
5.507558188615448,7.213473222277499e-6
5.513333497450784,6.623158318079438e-6
5.51910880628612,6.076232101497351e-6
5.5248841151214565,5.569971109158122e-6
5.530659423956792,5.101783047024118e-6
5.536434732792128,4.6692040500360965e-6
5.542210041627464,4.2698956792160125e-6
5.5479853504628,3.901641693576912e-6
5.553760659298136,3.562344632762355e-6
5.5595359681334715,3.2500222442374826e-6
5.565311276968808,2.9628037852978857e-6
5.571086585804144,2.6989262310781435e-6
5.57686189463948,2.456730416304986e-6
5.582637203474816,2.2346571358468695e-6
5.588412512310152,2.0312432283027277e-6
5.594187821145487,1.8451176657281743e-6
5.599963129980823,1.6749976684577329e-6
5.605738438816159,1.519684864378706e-6
5.611513747651496,1.378061509263841e-6
5.617289056486832,1.2490867838238213e-6
5.6230643653221675,1.1317931794701565e-6
5.628839674157503,1.0252829877044345e-6
5.634614982992839,9.287249007005303e-7
5.640390291828175,8.41350735082051e-7
5.646165600663511,7.624522853971402e-7
5.6519409094988475,6.913783147681138e-7
5.657716218334183,6.275316889807177e-7
5.663491527169519,5.703666585319626e-7
5.669266836004855,5.193862925908371e-7
5.675042144840191,4.741400679887653e-7
5.680817453675527,4.342216165388168e-7
5.6865927625108625,3.992666309038731e-7
5.692368071346198,3.689509316677671e-7
5.698143380181535,3.4298869507239094e-7
5.703918689016871,3.2113084211726414e-7
5.709693997852207,3.031635883873028e-7
5.715469306687543,2.889071541349944e-7
